[12, 14, 18, 29, 32, 36, 70, 76, 87, 95]
[4, 12, 26, 28, 30, 65, 72, 78, 84, 92]
[1, 12, 13, 14, 20, 21, 28, 29, 36, 44, 49, 55, 58, 76, 90, 98]
[6, 9, 11, 16, 25, 30, 34, 38, 47, 49, 59, 69, 71, 74, 80, 81, 85, 91, 94]
[13, 21, 27, 35, 36, 46, 47, 48, 49, 59, 82, 86, 90]
[5, 8, 21, 22, 29, 30, 32, 35, 42, 49, 60, 69, 72, 82, 88, 89, 94, 99, 100]
[9, 18, 19, 28, 32, 34, 41, 51, 59, 64, 73, 83, 84, 92]
[7, 12, 15, 18, 20, 21, 29, 34, 47, 52, 55, 64, 66, 75, 81, 88, 96, 97]
[2, 15, 33, 35, 44, 49, 60, 68, 69, 71, 77, 83, 88, 93, 97, 99]
[1, 14, 20, 21, 23, 26, 34, 39, 48, 59, 65, 78, 81, 82, 93, 98]
[1, 3, 8, 9, 11, 15, 31, 40, 42, 47, 63, 68, 69, 73, 77, 94, 98, 100]
[22, 26, 28, 34, 40, 48, 52, 55, 57, 61, 68, 70, 71, 78, 84, 86, 89, 92, 94, 97]
[1, 3, 9, 10, 29, 30, 32, 44, 71, 76, 91]
[5, 9, 10, 17, 28, 31, 36, 43, 63, 66, 70, 86, 93]
[7, 13, 25, 46, 53, 55, 56, 60, 61, 84, 85, 87, 94]
[14, 18, 25, 32, 44, 52, 55, 58, 69, 94]
[2, 7, 10, 12, 13, 22, 28, 31, 32, 53, 57, 62, 63, 70, 71, 84, 97]
[1, 34, 37, 49, 50, 55, 59, 72, 85, 90, 92, 94]
[7, 8, 21, 28, 38, 41, 62, 65, 68, 70, 75, 95, 96]
[6, 9, 16, 24, 31, 32, 52, 73, 75, 77, 87]
[17, 27, 31, 34, 39, 41, 51, 59, 67, 73, 75, 83, 85, 86, 92, 97]
[9, 10, 13, 17, 21, 28, 32, 34, 37, 45, 48, 57, 65, 69, 70, 73, 80]
[2, 14, 15, 18, 20, 27, 34, 35, 37, 39, 44, 68, 71, 78, 84, 85, 86, 92, 96]
[1, 6, 7, 12, 17, 21, 33, 34, 36, 43, 55, 57, 63, 71, 82, 91, 95, 99]
[5, 10, 15, 19, 20, 48, 70, 71, 75, 89]
[6, 14, 27, 32, 40, 46, 47, 86, 88, 100]
[4, 5, 14, 20, 21, 23, 26, 29, 31, 32, 35, 43, 49, 53, 61, 86, 90, 95, 96]
[4, 9, 25, 29, 30, 36, 43, 45, 52, 66, 83, 85, 87, 99]
[5, 14, 15, 23, 34, 45, 56, 75, 77, 94]
[1, 6, 9, 15, 25, 26, 33, 47, 50, 56, 66, 67, 69, 74, 86, 88, 91, 93, 95]
[16, 17, 25, 38, 39, 40, 41, 42, 49, 52, 53, 54, 65, 71, 85, 86, 87, 90, 93]
[1, 27, 28, 37, 39, 42, 52, 56, 57, 60, 61, 66, 71, 73, 75, 78, 84, 87, 95]
[4, 12, 19, 26, 29, 31, 40, 43, 66, 80, 82, 85, 87, 97]
[10, 19, 25, 32, 50, 52, 54, 59, 64, 74, 79, 81, 84, 89, 90, 92, 99]
[7, 16, 18, 23, 29, 32, 41, 59, 60, 67, 68, 72, 77, 86, 90, 97]
[21, 31, 32, 34, 36, 58, 61, 63, 67, 71, 81, 82, 96, 97, 99, 100]
[11, 18, 20, 30, 31, 35, 37, 41, 43, 70, 92]
[3, 8, 9, 27, 43, 50, 53, 54, 60, 70, 75, 90, 99]
[1, 4, 29, 35, 39, 44, 46, 50, 54, 56, 63, 69, 70, 78, 95, 96, 97]
[4, 11, 17, 51, 55, 60, 69, 73, 76, 80, 83, 85]
[7, 28, 33, 34, 36, 42, 44, 49, 54, 59, 97, 98]
[6, 7, 9, 29, 45, 70, 84, 96, 97, 100]
[3, 15, 17, 20, 28, 31, 33, 60, 61, 73, 80, 86, 90]
[4, 10, 14, 15, 21, 26, 40, 49, 51, 74, 75, 76, 78, 81, 87, 89, 92, 96, 100]
[6, 9, 16, 44, 45, 48, 55, 65, 69, 73, 77, 83, 85, 88]
[14, 20, 23, 35, 47, 56, 59, 60, 62, 67, 69, 79, 82, 84, 91, 94, 100]
[4, 12, 24, 32, 36, 42, 44, 49, 58, 60, 64, 73, 79, 86, 97]
[2, 11, 25, 31, 34, 36, 44, 53, 63, 67, 72, 77, 90, 93, 98]
[3, 12, 29, 32, 38, 40, 45, 48, 52, 55, 58, 61, 63, 68, 71, 75, 85, 89, 92, 96]
[16, 24, 25, 30, 33, 35, 40, 41, 59, 69, 89, 90, 93, 96, 98]
[2, 13, 23, 25, 30, 36, 37, 38, 39, 47, 68, 69, 76, 77, 91, 93, 98]
[2, 7, 14, 17, 38, 63, 71, 82, 90, 97]
[7, 9, 10, 15, 20, 24, 33, 39, 44, 52, 57, 62, 63, 73, 74, 81, 88]
[29, 49, 54, 58, 67, 72, 77, 78, 80, 98, 100]
[8, 11, 13, 21, 23, 27, 28, 31, 34, 40, 55, 71, 73, 79, 80, 81, 85, 95, 98]
[5, 30, 37, 38, 53, 58, 61, 77, 89, 91]
[15, 26, 29, 30, 34, 55, 70, 76, 81, 85, 88]
[8, 10, 16, 19, 22, 37, 39, 40, 57, 60, 73, 77, 89, 96]
[4, 6, 11, 12, 33, 42, 56, 57, 64, 65, 70, 77, 78, 95]
[6, 12, 23, 24, 35, 36, 43, 45, 53, 56, 57, 61, 63, 67, 74, 75, 82, 84, 97, 98]
[5, 12, 37, 43, 52, 53, 59, 64, 71, 85, 89, 98]
[1, 7, 15, 25, 47, 52, 53, 60, 66, 67, 70, 80, 85, 97, 99]
[4, 16, 17, 27, 35, 37, 57, 63, 71, 90]
[2, 12, 15, 16, 20, 29, 40, 53, 60, 64, 71, 83]
[9, 18, 19, 25, 32, 35, 36, 50, 54, 59, 61, 62, 66, 71, 77, 91, 96, 99]
[1, 20, 35, 37, 39, 43, 45, 58, 62, 63, 69, 70, 71, 75, 76, 85, 93, 98]
[6, 25, 30, 31, 41, 49, 50, 53, 61, 74, 85, 90, 91, 96, 100]
[2, 5, 10, 13, 17, 19, 20, 43, 53, 57, 59, 61, 65, 68, 76, 84, 93]
[5, 9, 11, 31, 41, 43, 49, 51, 63, 69, 70, 80, 81, 84, 87, 88, 89, 92, 98]
[4, 6, 13, 22, 39, 56, 57, 82, 89, 91, 98]
[11, 19, 22, 23, 24, 32, 46, 48, 53, 56, 68, 73, 79, 88]
[2, 10, 19, 21, 30, 33, 37, 45, 57, 59, 60, 70, 75, 76, 82, 86, 87]
[3, 14, 26, 31, 38, 39, 46, 49, 50, 59, 62, 74, 85, 90]
[7, 30, 37, 46, 64, 73, 78, 88, 96, 100]
[5, 6, 13, 17, 18, 33, 40, 47, 57, 75, 81, 83, 85, 87, 88, 93, 94, 97, 99]
[17, 22, 23, 26, 33, 35, 38, 44, 47, 54, 62, 65, 68, 70, 96]
[2, 12, 19, 29, 34, 47, 51, 72, 87, 93, 97]
[4, 14, 29, 30, 34, 42, 48, 49, 61, 72, 75, 79, 80, 82, 83, 87, 96]
[5, 6, 13, 15, 18, 31, 39, 48, 50, 53, 59, 64, 69, 84]
[5, 13, 20, 28, 36, 48, 53, 54, 57, 63, 76, 79, 84, 89, 94, 96]
[8, 12, 13, 16, 25, 28, 36, 46, 48, 51, 59, 70, 83, 85, 88]
[9, 17, 27, 28, 32, 43, 71, 73, 76, 98]
[1, 2, 4, 15, 17, 19, 23, 33, 36, 70, 77, 85]
[3, 7, 9, 14, 15, 17, 23, 34, 42, 47, 54, 58, 61, 66, 68, 76, 95, 96, 100]
[4, 6, 8, 39, 52, 55, 59, 62, 67, 79, 83, 85, 94]
[9, 10, 11, 17, 19, 36, 42, 49, 57, 68, 71, 75, 77, 78, 80, 82, 92]
[13, 15, 28, 30, 44, 52, 53, 54, 56, 58, 59, 71, 78, 84, 90, 93, 94, 99]
[9, 11, 12, 13, 17, 20, 33, 41, 48, 56, 61, 72, 86, 88, 95, 96]
[7, 14, 16, 20, 28, 37, 40, 43, 46, 53, 55, 65, 74, 77, 85, 86, 93, 97]
[15, 29, 36, 45, 48, 55, 72, 74, 80, 98, 99]
[4, 24, 35, 40, 44, 78, 85, 89, 90, 98]
[4, 9, 12, 19, 28, 52, 68, 73, 82, 85, 95, 96]
[7, 11, 20, 21, 35, 40, 42, 44, 48, 57, 73, 77, 80, 87, 93, 97, 100]
[15, 28, 35, 37, 40, 45, 54, 56, 57, 63, 66, 68, 76, 78, 86, 87, 97]
[1, 8, 16, 18, 27, 28, 33, 38, 39, 42, 56, 64, 77, 96, 98, 99]
[3, 6, 10, 30, 41, 46, 51, 56, 59, 65, 69, 72, 74, 86, 91, 95]
[3, 11, 12, 14, 15, 22, 32, 38, 40, 42, 47, 51, 52, 54, 56, 59, 68, 76, 80, 89]
[10, 15, 19, 22, 25, 43, 45, 66, 68, 82, 83, 94, 100]
[10, 20, 23, 26, 33, 60, 64, 78, 81, 84, 98, 99]
[8, 9, 20, 36, 39, 41, 42, 46, 57, 58, 61, 65, 73, 76, 80, 81, 82, 83, 88]